	Code Type	K	Num Codes	Total True Occurrences	Members w/ True Codes	Members Identified	Member Identification Rate@K	True Occurrences per Member	Micro Recall@K	Macro Recall@K	Micro Precision@K	Macro Precision@K	Macro Recall Num Codes	Macro Precision Num Codes
0	DRG Codes	1	879	7565	6039	1	0.000166	1.252691	0.000132	0.000006	0.500000	0.500000	502	1
1	DRG Codes	5	879	7565	6039	282	0.046696	1.252691	0.037806	0.002505	0.716792	0.478748	502	12
2	DRG Codes	10	879	7565	6039	769	0.127339	1.252691	0.103635	0.010532	0.449541	0.350936	502	47
3	DRG Codes	20	879	7565	6039	1216	0.201358	1.252691	0.168143	0.022906	0.220107	0.193179	502	84
4	DRG Codes	50	879	7565	6039	1900	0.314622	1.252691	0.273100	0.053813	0.097836	0.090181	502	137
5	Days Count	1	13	220998	218236	57	0.000261	1.012656	0.000258	0.001935	0.950000	0.950000	13	1
6	Days Count	5	13	220998	218236	194608	0.891732	1.012656	0.880605	0.118694	0.458155	0.599631	13	4
7	Days Count	10	13	220998	218236	210051	0.962495	1.012656	0.950724	0.174963	0.291170	0.354595	13	6
8	Days Count	20	13	220998	218236	215311	0.986597	1.012656	0.975344	0.210560	0.215039	0.160115	13	10
9	Days Count	50	13	220998	218236	216449	0.991812	1.012656	0.983366	0.305008	0.191439	0.077101	13	12
10	GPI Medications	1	95	2612508	1974948	22995	0.011643	1.322824	0.008802	0.006955	0.568100	0.466363	92	67
11	GPI Medications	5	95	2612508	1974948	1311580	0.664109	1.322824	0.603750	0.409489	0.234661	0.215538	92	84
12	GPI Medications	10	95	2612508	1974948	1585188	0.802648	1.322824	0.762630	0.540797	0.144676	0.153258	92	84
13	GPI Medications	20	95	2612508	1974948	1755405	0.888836	1.322824	0.861508	0.636402	0.084245	0.102048	92	86
14	GPI Medications	50	95	2612508	1974948	1886573	0.955252	1.322824	0.941536	0.744475	0.042617	0.041817	92	90
15	ICD-10 Diagnosis	1	1931	1239454	555459	91	0.000164	2.231405	0.000073	0.000014	0.957895	0.941279	1621	4
16	ICD-10 Diagnosis	5	1931	1239454	555459	172364	0.310309	2.231405	0.156888	0.043780	0.519712	0.456245	1621	524
17	ICD-10 Diagnosis	10	1931	1239454	555459	273995	0.493277	2.231405	0.309992	0.092101	0.277904	0.289838	1621	732
18	ICD-10 Diagnosis	20	1931	1239454	555459	344346	0.619931	2.231405	0.423727	0.133859	0.125831	0.152377	1621	904
19	ICD-10 Diagnosis	50	1931	1239454	555459	416181	0.749256	2.231405	0.564774	0.200607	0.047411	0.066290	1621	1091
20	Place of Service	1	70	640105	564462	35	0.000062	1.134009	0.000055	0.001792	0.921053	0.914141	53	3
21	Place of Service	5	70	640105	564462	366200	0.648759	1.134009	0.579571	0.419737	0.396153	0.620499	53	45
22	Place of Service	10	70	640105	564462	458089	0.811550	1.134009	0.750692	0.528959	0.230031	0.468613	53	46
23	Place of Service	20	70	640105	564462	504211	0.893259	1.134009	0.853865	0.594495	0.137085	0.295891	53	49
24	Place of Service	50	70	640105	564462	537861	0.952874	1.134009	0.933370	0.674355	0.069308	0.171881	53	51
25	Procedure Groups	1	2457	1317105	559709	0	0.000000	2.353196	0.000000	0.000000	0.000000	0.000000	1251	0
26	Procedure Groups	5	2457	1317105	559709	245178	0.438045	2.353196	0.194733	0.019414	0.416179	0.349081	1251	249
27	Procedure Groups	10	2457	1317105	559709	380247	0.679366	2.353196	0.350823	0.042011	0.226097	0.228110	1251	360
28	Procedure Groups	20	2457	1317105	559709	438609	0.783638	2.353196	0.473290	0.071013	0.112746	0.137292	1251	487
29	Procedure Groups	50	2457	1317105	559709	487882	0.871671	2.353196	0.654246	0.128922	0.041835	0.068562	1251	624
30	Provider Taxonomy	1	242	859992	535142	2	0.000004	1.607035	0.000002	0.000017	1.000000	1.000000	200	1
31	Provider Taxonomy	5	242	859992	535142	289010	0.540062	1.607035	0.353449	0.175662	0.441238	0.589287	200	108
32	Provider Taxonomy	10	242	859992	535142	384137	0.717823	1.607035	0.547027	0.269770	0.249766	0.403085	200	123
33	Provider Taxonomy	20	242	859992	535142	438314	0.819061	1.607035	0.688184	0.332456	0.129131	0.232985	200	136
34	Provider Taxonomy	50	242	859992	535142	486235	0.908609	1.607035	0.839417	0.398392	0.050446	0.112286	200	157
35	Revenue Codes	1	609	276192	114226	1	0.000009	2.417943	0.000004	0.000009	0.500000	0.500000	392	1
36	Revenue Codes	5	609	276192	114226	19072	0.166967	2.417943	0.070813	0.050829	0.608677	0.479609	392	106
37	Revenue Codes	10	609	276192	114226	42524	0.372280	2.417943	0.182876	0.103691	0.370534	0.346148	392	156
38	Revenue Codes	20	609	276192	114226	59498	0.520880	2.417943	0.320462	0.155319	0.174109	0.212652	392	194
39	Revenue Codes	50	609	276192	114226	81476	0.713288	2.417943	0.525193	0.227943	0.052415	0.102830	392	246




======================================================================================================================================================
CODE-TYPE BREAKDOWN — K = 10
======================================================================================================================================================
  Code Type                   #Codes   #TrueOcc   #MbrTrue   #MbrHit  MbrHitRate   Occ/Mbr   µRecall   MRecall     µPrec     MPrec
  -----------------------------------------------------------------------------------------------------------------------------------------------
  DRG Codes                      879      7,565      6,039       769      0.1273      1.25    0.1036    0.0105    0.4495    0.3509
  Days Count                      13    220,998    218,236   210,051      0.9625      1.01    0.9507    0.1750    0.2912    0.3546
  GPI Medications                 95  2,612,508  1,974,948  1,585,188      0.8026      1.32    0.7626    0.5408    0.1447    0.1533
  ICD-10 Diagnosis             1,931  1,239,454    555,459   273,995      0.4933      2.23    0.3100    0.0921    0.2779    0.2898
  Place of Service                70    640,105    564,462   458,089      0.8115      1.13    0.7507    0.5290    0.2300    0.4686
  Procedure Groups             2,457  1,317,105    559,709   380,247      0.6794      2.35    0.3508    0.0420    0.2261    0.2281
  Provider Taxonomy              242    859,992    535,142   384,137      0.7178      1.61    0.5470    0.2698    0.2498    0.4031
  Revenue Codes                  609    276,192    114,226    42,524      0.3723      2.42    0.1829    0.1037    0.3705    0.3461

======================================================================================================================================================
CODE-TYPE BREAKDOWN — K = 20
======================================================================================================================================================
  Code Type                   #Codes   #TrueOcc   #MbrTrue   #MbrHit  MbrHitRate   Occ/Mbr   µRecall   MRecall     µPrec     MPrec
  -----------------------------------------------------------------------------------------------------------------------------------------------
  DRG Codes                      879      7,565      6,039     1,216      0.2014      1.25    0.1681    0.0229    0.2201    0.1932
  Days Count                      13    220,998    218,236   215,311      0.9866      1.01    0.9753    0.2106    0.2150    0.1601
  GPI Medications                 95  2,612,508  1,974,948  1,755,405      0.8888      1.32    0.8615    0.6364    0.0842    0.1020
  ICD-10 Diagnosis             1,931  1,239,454    555,459   344,346      0.6199      2.23    0.4237    0.1339    0.1258    0.1524
  Place of Service                70    640,105    564,462   504,211      0.8933      1.13    0.8539    0.5945    0.1371    0.2959
  Procedure Groups             2,457  1,317,105    559,709   438,609      0.7836      2.35    0.4733    0.0710    0.1127    0.1373
  Provider Taxonomy              242    859,992    535,142   438,314      0.8191      1.61    0.6882    0.3325    0.1291    0.2330
  Revenue Codes                  609    276,192    114,226    59,498      0.5209      2.42    0.3205    0.1553    0.1741    0.2127